$ANSIBLE_VAULT;1.1;AES256
61323538366438663436346266396265356139376361643737313337363137343362316361353134
3564653439663364643038363565653037636539303930380a393364303861376533316264383363
34616466303732333364303337323233666166323161633530653335303939316431656465373338
6463316466383839620a633031333663663133313034626366383463376432313339653439363461
34613761633531323734333933313461616234623865383865333634623762396530633666333137
32653863366336616537616430313838376531376633343932373664666266366331316361626330
38643163313838663061633966326163613566366539323139383934383234383233663962383836
33346432346535613039656165613235376537333737646135366130343938373934646235643239
33353135373832323931666336346330363338623336656666623732333562313230356636363266
61643736366635323039643035633534666637366561643065303034323132333233633762666163
61323231343539353762646639353234636330633436366630396534616638663863336361623065
39343336623666373166666661313130313339343532306562383364343936626665616430346465
33323833333735356562363436376536346537633562653135373630666135366537633036396162
61653962356136613235376134613934336539373765626534356565663434383030633436393063
37643936363438383737663065316133373166613639353536666433633962646663323337643966
32656138373836383637613531366131616661643161656334353266646164356535303230396530
3631
